1 64373 85018
2 36323 57290
3 25615 55643
4 25876 57340
5 23454 46200
6 19740 45939
7 18745 42889
8 18062 48638
9 22843 59229
10 23272 59272
11 21740 49426
12 22064 50273
13 20923 48063
14 18768 35031
15 16703 35872
16 16729 31730
17 16281 38733
18 16548 26695
19 15225 32298
20 16156 26772
21 16444 31332
22 15580 39539
23 18247 28548
24 16462 26712
25 17208 28497
26 16474 31912
27 16865 32591
28 15620 32823
29 16843 28152
30 15980 30133
31 18126 44789
32 16567 31293
33 17855 35252
34 15282 42571
35 17690 29130
36 16270 30373
37 16784 41609
38 17915 27710
39 15725 28813
40 15502 26872
41 18400 29621
42 16079 40238
43 18351 27482
44 16657 28060
45 17249 29726
46 16381 39538
47 16096 27683
48 16338 28193
49 15233 32703
50 18332 28355
51 19215 36162
52 17702 31720
53 18299 29575
54 17795 37586
55 18317 29684
56 17182 29634
57 16616 27612
58 16691 27711
59 18593 29830
60 17202 33388
61 16456 27261
62 15951 27221
63 16882 38860
64 17521 27794
65 17221 27279
66 17594 29136
67 17834 32101
68 16919 32222
69 18901 30861
70 18206 34519
71 17174 28298
72 16609 27952
73 19418 29974
74 18574 35395
75 17383 28471
76 17298 29034
77 17242 28739
78 18789 30504
79 17260 36145
80 16896 28197
81 18910 31295
82 17710 29051
83 17856 29338
84 18743 29988
85 18528 30048
86 18847 29523
87 19744 36830
88 17463 36790
89 19533 33431
90 19937 35792
91 18494 40687
92 18320 35111
93 18726 31425
94 19663 34915
95 19571 33280
96 19137 37808
97 18182 33272
98 19584 34499
99 18447 32641
100 19412 38665